25,30
3 3 3 3 3 3 3 3 3 3 3 3 3 3 3 3 3 3 3 3 3 3 3 3 3 
3 1 0 0 0 0 0 3 0 0 0 0 0 0 0 0 0 0 0 0 0 0 0 1 3 
3 0 0 0 0 0 0 3 0 0 0 0 0 0 0 0 0 0 0 0 0 0 0 0 3 
3 0 0 0 0 0 0 3 0 0 0 0 0 0 0 0 0 0 0 0 0 0 0 0 3 
3 0 0 0 0 0 0 3 3 3 4 4 4 4 4 3 3 3 0 0 0 0 0 5 3 
3 0 0 5 0 0 0 4 0 0 0 0 5 0 0 0 0 3 0 0 0 0 0 0 3 
3 0 0 0 0 0 0 3 0 0 0 0 0 0 0 0 0 3 0 0 0 0 0 0 3 
3 0 0 0 0 0 0 3 0 0 0 0 0 0 0 0 0 3 0 0 0 0 0 0 3 
3 3 3 3 3 3 3 3 0 0 0 0 0 0 0 0 0 3 3 3 3 3 3 3 3 
3 0 0 0 0 0 0 0 0 0 0 0 5 0 0 0 0 0 0 0 0 0 0 0 3 
3 0 0 0 0 0 0 0 0 0 0 0 0 0 0 0 0 0 0 0 0 0 0 0 3 
3 0 0 0 0 3 0 0 0 3 3 3 4 3 3 3 0 0 0 3 0 4 3 0 3 
3 0 0 4 0 0 3 0 0 3 0 0 5 0 0 3 0 0 0 0 0 0 0 0 3 
3 0 0 3 0 0 0 0 0 3 0 2 0 2 0 3 0 0 0 0 4 0 0 0 3 
3 0 0 0 0 4 0 0 0 3 0 0 2 0 0 3 0 0 0 0 0 0 3 0 3 
3 0 0 0 0 0 0 0 0 3 0 0 0 0 0 3 0 0 0 0 0 3 0 0 3 
3 0 3 4 0 3 0 0 0 3 3 3 3 3 3 3 0 0 0 3 4 0 4 0 3 
3 0 0 0 0 0 0 0 0 0 0 0 0 0 0 0 0 0 0 0 0 0 0 0 3 
3 0 0 0 0 0 0 0 0 0 0 0 5 0 0 0 0 0 0 0 0 3 0 0 3 
3 0 0 0 0 0 0 0 0 0 0 0 0 0 0 0 0 0 0 0 0 0 0 0 3 
3 0 0 0 0 0 0 0 0 0 0 0 0 0 0 0 0 0 0 0 0 0 0 0 3 
3 3 3 3 3 3 3 3 3 3 3 3 4 3 3 3 3 3 3 3 3 3 3 3 3 
3 0 0 0 0 0 0 0 0 0 0 0 0 0 0 0 0 0 0 0 0 0 0 0 3 
3 0 0 0 0 0 0 0 3 0 0 0 0 0 0 0 3 0 0 0 0 0 0 0 3 
3 0 0 0 0 0 0 0 3 0 0 0 0 0 0 0 3 0 0 0 0 0 0 0 3 
3 0 0 0 0 0 0 0 3 3 3 3 4 3 3 3 3 0 0 0 0 0 0 0 3 
3 0 0 0 0 0 0 0 0 0 0 0 0 0 0 0 0 0 0 0 0 0 0 0 3 
3 3 3 0 0 0 0 0 0 0 0 0 0 0 0 0 0 0 0 0 0 0 3 3 3 
3 1 4 0 0 0 0 0 0 0 0 0 0 0 0 0 0 0 0 0 0 0 4 1 3 
3 3 3 3 3 3 3 3 3 3 3 3 3 3 3 3 3 3 3 3 3 3 3 3 3 
3,5 2,28 
3,5 22,28 
12,18 12,21 
12,5 10,4 
12,5 11,4 
12,5 12,4 
12,5 13,4 
12,5 14,4 
12,12 7,5 
12,12 12,11 
3,5 12,11 
12,9 7,5 
23,4 7,5
